RUNNING THE L-BFGS-B CODE

it    = iteration number
nf    = number of function evaluations
nseg  = number of segments explored during the Cauchy search
nact  = number of active bounds at the generalized Cauchy point
sub   = manner in which the subspace minimization terminated:
        con = converged, bnd = a bound was reached
itls  = number of iterations performed in the line search
stepl = step length used
tstep = norm of the displacement (total step)
projg = norm of the projected gradient
f     = function value

           * * *

Machine precision = 2.220D-16
 N =           53     M =           10

   it   nf  nseg  nact  sub  itls  stepl    tstep     projg        f
    0    1     -     -   -     -     -        -     3.140D+02  9.278D+02
    1    6     1     0  ---    4  9.3D-03  3.0D+00  3.130D+03 -1.567D+01
    2    8     0     0  con    1  2.5D-01  9.5D-01  1.030D+04 -1.326D+02
    3   10     0     0  con    1  1.0D-01  2.3D-02  1.017D+04 -1.946D+02
    4   11     0     0  con    0  1.0D+00  2.3D-01  3.832D+03 -3.784D+02
    5   12     0     0  con    0  1.0D+00  3.0D-01  6.698D+03 -4.296D+02
    6   14     0     0  con    1  3.7D-01  2.6D-01  3.922D+03 -5.057D+02
    7   15     0     0  con    0  1.0D+00  1.0D-01  6.228D+03 -5.563D+02
    8   16     0     0  con    0  1.0D+00  2.9D-01  7.084D+03 -6.793D+02
    9   17     0     0  con    0  1.0D+00  1.3D-01  4.926D+03 -7.348D+02
   10   18     0     0  con    0  1.0D+00  4.7D-02  4.518D+03 -7.634D+02
   11   19     0     0  con    0  1.0D+00  8.6D-02  5.924D+03 -8.009D+02
   12   20     0     0  con    0  1.0D+00  2.3D-01  7.945D+03 -8.658D+02
   13   21     0     0  con    0  1.0D+00  1.5D-01  5.150D+03 -9.475D+02
   14   22     0     0  con    0  1.0D+00  2.2D-01  1.041D+04 -9.891D+02
   15   23     0     0  con    0  1.0D+00  2.3D-01  4.005D+03 -1.076D+03
   16   24     0     0  con    0  1.0D+00  1.3D-01  4.236D+03 -1.162D+03
   17   26     0     0  con    1  3.8D-01  1.8D-01  4.107D+03 -1.234D+03
   18   28     0     0  con    1  2.4D-01  5.7D-02  3.590D+03 -1.258D+03
   19   29     0     0  con    0  1.0D+00  1.8D-01  2.697D+03 -1.305D+03
   20   30     0     0  con    0  1.0D+00  2.9D-01  4.729D+03 -1.403D+03
   21   32     0     0  con    1  4.4D-01  2.6D-01  7.329D+03 -1.474D+03
   22   34     0     0  con    1  4.3D-01  2.0D-01  6.755D+03 -1.525D+03
   23   35     0     0  con    0  1.0D+00  2.0D-01  3.446D+03 -1.597D+03
   24   37     0     0  con    1  3.5D-01  1.3D-01  8.938D+03 -1.636D+03
   25   38     0     0  con    0  1.0D+00  2.2D-01  8.534D+03 -1.671D+03
   26   39     0     0  con    0  1.0D+00  6.5D-02  8.395D+03 -1.705D+03
   27   40     0     0  con    0  1.0D+00  6.2D-02  9.828D+03 -1.735D+03
   28   41     0     0  con    0  1.0D+00  1.4D-01  5.822D+03 -1.767D+03
   29   42     0     0  con    0  1.0D+00  1.7D-01  7.022D+03 -1.805D+03
   30   43     0     0  con    0  1.0D+00  1.1D-02  7.403D+03 -1.848D+03
   31   45     0     0  con    1  3.9D-01  5.1D-02  9.756D+03 -1.872D+03
   32   47     0     0  con    1  4.3D-01  1.1D-01  3.777D+03 -1.922D+03
   33   49     0     0  con    1  4.7D-01  9.3D-02  5.399D+03 -1.940D+03
   34   50     0     0  con    0  1.0D+00  1.0D-01  7.446D+03 -1.968D+03
   35   51     0     0  con    0  1.0D+00  5.9D-02  8.706D+03 -2.016D+03
   36   52     0     0  con    0  1.0D+00  2.0D-01  1.057D+04 -2.071D+03
   37   53     0     0  con    0  1.0D+00  1.5D-02  4.761D+03 -2.106D+03
   38   54     0     0  con    0  1.0D+00  7.2D-03  4.017D+03 -2.118D+03
   39   55     0     0  con    0  1.0D+00  9.1D-03  3.971D+03 -2.135D+03
   40   57     0     0  con    1  4.7D-01  5.3D-02  4.510D+03 -2.155D+03
   41   59     0     0  con    1  4.7D-01  4.9D-02  2.943D+03 -2.167D+03
   42   60     0     0  con    0  1.0D+00  5.2D-02  3.667D+03 -2.182D+03
   43   62     0     0  con    1  3.8D-01  4.1D-02  1.107D+04 -2.188D+03
   44   63     0     0  con    0  1.0D+00  4.4D-02  4.134D+03 -2.198D+03
   45   64     0     0  con    0  1.0D+00  6.3D-03  2.461D+03 -2.203D+03
   46   65     0     0  con    0  1.0D+00  9.5D-03  3.752D+03 -2.213D+03
   47   66     0     0  con    0  1.0D+00  1.7D-02  6.744D+03 -2.229D+03
   48   67     0     0  con    0  1.0D+00  2.4D-02  6.109D+03 -2.253D+03
   49   68     0     0  con    0  1.0D+00  1.2D-01  4.273D+03 -2.291D+03
   50   70     0     0  con    1  3.6D-01  9.5D-02  1.161D+04 -2.312D+03
   51   72     0     0  con    1  4.2D-01  7.2D-02  7.146D+03 -2.330D+03
   52   73     0     0  con    0  1.0D+00  2.0D-02  5.231D+03 -2.337D+03
   53   74     0     0  con    0  1.0D+00  7.4D-02  8.435D+03 -2.348D+03
   54   75     0     0  con    0  1.0D+00  8.7D-02  4.687D+03 -2.374D+03
   55   76     0     0  con    0  1.0D+00  1.6D-01  1.050D+04 -2.397D+03
   56   77     0     0  con    0  1.0D+00  5.5D-02  4.896D+03 -2.417D+03
   57   78     0     0  con    0  1.0D+00  1.5D-01  6.153D+03 -2.439D+03
   58   79     0     0  con    0  1.0D+00  1.7D-02  5.452D+03 -2.456D+03
   59   80     0     0  con    0  1.0D+00  1.7D-01  1.553D+04 -2.481D+03
   60   81     0     0  con    0  1.0D+00  1.4D-02  4.664D+03 -2.524D+03
   61   82     0     0  con    0  1.0D+00  1.9D-02  5.881D+03 -2.557D+03
   62   83     0     0  con    0  1.0D+00  1.2D-01  7.402D+03 -2.654D+03
   63   84     0     0  con    0  1.0D+00  3.4D-01  1.176D+04 -2.717D+03
   64   85     0     0  con    0  1.0D+00  2.3D-01  7.804D+03 -2.856D+03
   65   86     0     0  con    0  1.0D+00  4.7D-02  6.200D+03 -2.965D+03
   66   88     0     0  con    1  3.1D-01  2.5D-01  9.020D+03 -3.037D+03
   67   89     0     0  con    0  1.0D+00  2.3D-01  5.071D+03 -3.114D+03
   68   90     0     0  con    0  1.0D+00  7.8D-02  4.451D+03 -3.157D+03
   69   92     0     0  con    1  5.0D-01  1.4D-01  7.345D+03 -3.205D+03
   70   93     0     0  con    0  1.0D+00  1.6D-01  7.258D+03 -3.251D+03
   71   94     0     0  con    0  1.0D+00  2.8D-01  3.142D+03 -3.317D+03
   72   95     0     0  con    0  1.0D+00  2.4D-01  3.685D+03 -3.368D+03
   73   96     0     0  con    0  1.0D+00  8.3D-02  7.340D+03 -3.409D+03
   74   97     0     0  con    0  1.0D+00  1.8D-02  2.849D+03 -3.440D+03
   75   98     0     0  con    0  1.0D+00  3.5D-02  1.049D+03 -3.454D+03
   76   99     0     0  con    0  1.0D+00  6.3D-02  1.045D+03 -3.467D+03
   77  100     0     0  con    0  1.0D+00  7.1D-02  1.282D+03 -3.485D+03
   78  101     0     0  con    0  1.0D+00  7.0D-02  1.857D+03 -3.500D+03
   79  102     0     0  con    0  1.0D+00  7.9D-02  1.330D+03 -3.514D+03
   80  103     0     0  con    0  1.0D+00  1.4D-02  1.277D+03 -3.529D+03
   81  104     0     0  con    0  1.0D+00  6.6D-02  2.502D+03 -3.535D+03
   82  105     0     0  con    0  1.0D+00  1.1D-02  7.048D+02 -3.540D+03
   83  106     0     0  con    0  1.0D+00  5.4D-03  6.782D+02 -3.544D+03
   84  107     0     0  con    0  1.0D+00  5.5D-02  1.543D+03 -3.553D+03
   85  108     0     0  con    0  1.0D+00  3.4D-02  2.026D+03 -3.562D+03
   86  109     0     0  con    0  1.0D+00  4.7D-02  1.798D+03 -3.572D+03
   87  110     0     0  con    0  1.0D+00  4.8D-02  1.461D+03 -3.595D+03
   88  111     0     0  con    0  1.0D+00  7.0D-02  1.034D+03 -3.613D+03
   89  112     0     0  con    0  1.0D+00  1.1D-01  2.269D+03 -3.625D+03
   90  113     0     0  con    0  1.0D+00  4.8D-02  1.045D+03 -3.647D+03
   91  114     0     0  con    0  1.0D+00  7.6D-02  5.635D+02 -3.666D+03
   92  115     0     0  con    0  1.0D+00  1.6D-01  6.216D+02 -3.690D+03
   93  116     0     0  con    0  1.0D+00  2.5D-01  5.182D+02 -3.713D+03
   94  117     0     0  con    0  1.0D+00  2.7D-01  2.946D+02 -3.730D+03
   95  118     0     0  con    0  1.0D+00  3.0D-01  1.742D+02 -3.740D+03
   96  119     0     0  con    0  1.0D+00  5.8D-01  7.740D+01 -3.748D+03
   97  120     0     0  con    0  1.0D+00  5.9D-01  2.638D+01 -3.754D+03
   98  121     0     0  con    0  1.0D+00  3.8D-01  4.152D+01 -3.755D+03
   99  122     0     0  con    0  1.0D+00  3.6D-01  1.275D+01 -3.756D+03
  100  123     0     0  con    0  1.0D+00  1.2D-01  6.986D+00 -3.757D+03
  101  124     0     0  con    0  1.0D+00  1.2D-01  5.465D+00 -3.757D+03
  102  125     0     0  con    0  1.0D+00  2.9D-02  5.895D+00 -3.757D+03
  103  126     0     0  con    0  1.0D+00  2.3D-02  4.024D+00 -3.757D+03
  104  127     0     0  con    0  1.0D+00  2.7D-02  3.954D+00 -3.757D+03
  105  128     0     0  con    0  1.0D+00  5.1D-02  8.045D+00 -3.757D+03
  106  130     0     0  con    1  2.9D-01  3.6D-02  1.103D+01 -3.757D+03
  107  132     0     0  con    1  5.4D-01  3.0D-02  8.180D+00 -3.758D+03
  108  133     0     0  con    0  1.0D+00  4.5D-02  5.872D+00 -3.758D+03
  109  134     0     0  con    0  1.0D+00  2.1D-02  3.190D+00 -3.758D+03
  110  135     0     0  con    0  1.0D+00  4.6D-02  2.564D+00 -3.758D+03
  111  136     0     0  con    0  1.0D+00  5.3D-02  2.598D+00 -3.758D+03
  112  137     0     0  con    0  1.0D+00  2.8D-02  3.653D+00 -3.758D+03
  113  138     0     0  con    0  1.0D+00  6.8D-03  1.255D+00 -3.758D+03
  114  139     0     0  con    0  1.0D+00  8.2D-03  1.023D+00 -3.758D+03
  115  140     0     0  con    0  1.0D+00  1.7D-02  1.600D+00 -3.758D+03
  116  142     0     0  con    1  5.1D-01  1.0D-02  1.373D+00 -3.758D+03
  117  143     0     0  con    0  1.0D+00  9.4D-03  1.096D+00 -3.758D+03
  118  144     0     0  con    0  1.0D+00  1.4D-02  8.382D-01 -3.758D+03
  119  145     0     0  con    0  1.0D+00  1.6D-02  1.040D+00 -3.758D+03
  120  146     0     0  con    0  1.0D+00  2.8D-02  1.678D+00 -3.758D+03
  121  147     0     0  con    0  1.0D+00  2.3D-02  1.261D+00 -3.758D+03
  122  148     0     0  con    0  1.0D+00  2.6D-02  7.275D-01 -3.758D+03
  123  149     0     0  con    0  1.0D+00  2.8D-02  6.224D-01 -3.758D+03
  124  150     0     0  con    0  1.0D+00  3.3D-02  1.311D+00 -3.758D+03
  125  151     0     0  con    0  1.0D+00  1.0D-02  9.606D-01 -3.758D+03
  126  152     0     0  con    0  1.0D+00  1.3D-02  8.613D-01 -3.758D+03
  127  153     0     0  con    0  1.0D+00  2.6D-02  1.487D+00 -3.758D+03
  128  154     0     0  con    0  1.0D+00  4.1D-02  1.360D+00 -3.758D+03
  129  155     0     0  con    0  1.0D+00  7.2D-02  1.955D+00 -3.758D+03
  130  157     0     0  con    1  2.8D-01  5.0D-02  2.279D+00 -3.758D+03
  131  158     0     0  con    0  1.0D+00  1.2D-01  3.486D+00 -3.758D+03
  132  159     0     0  con    0  1.0D+00  6.9D-02  3.130D+00 -3.758D+03
  133  160     0     0  con    0  1.0D+00  9.8D-02  3.619D+00 -3.758D+03
  134  162     0     0  con    1  5.0D-01  1.1D-01  4.918D+00 -3.759D+03
  135  164     0     0  con    1  4.0D-01  6.1D-02  4.247D+00 -3.759D+03
  136  166     0     0  con    1  4.3D-01  5.6D-02  3.312D+00 -3.759D+03
  137  167     0     0  con    0  1.0D+00  4.2D-02  3.854D+00 -3.759D+03
  138  168     0     0  con    0  1.0D+00  2.0D-02  1.607D+00 -3.759D+03
  139  169     0     0  con    0  1.0D+00  7.1D-02  2.406D+00 -3.759D+03
  140  170     0     0  con    0  1.0D+00  5.3D-02  2.439D+00 -3.759D+03
  141  171     0     0  con    0  1.0D+00  3.7D-02  3.446D+00 -3.759D+03
  142  172     0     0  con    0  1.0D+00  7.9D-03  1.021D+00 -3.759D+03
  143  173     0     0  con    0  1.0D+00  1.2D-02  6.286D-01 -3.759D+03
  144  174     0     0  con    0  1.0D+00  2.5D-02  8.238D-01 -3.759D+03
  145  175     0     0  con    0  1.0D+00  3.4D-02  1.318D+00 -3.759D+03
  146  177     0     0  con    1  4.7D-01  2.5D-02  1.388D+00 -3.759D+03
  147  178     0     0  con    0  1.0D+00  1.2D-02  6.311D-01 -3.759D+03
  148  179     0     0  con    0  1.0D+00  1.5D-02  6.998D-01 -3.759D+03
  149  180     0     0  con    0  1.0D+00  2.8D-02  1.346D+00 -3.759D+03
  150  181     0     0  con    0  1.0D+00  2.9D-02  1.599D+00 -3.759D+03
  151  182     0     0  con    0  1.0D+00  4.2D-02  1.580D+00 -3.759D+03
  152  183     0     0  con    0  1.0D+00  2.1D-02  9.020D-01 -3.759D+03
  153  184     0     0  con    0  1.0D+00  8.6D-03  8.715D-01 -3.759D+03
  154  185     0     0  con    0  1.0D+00  2.5D-02  9.102D-01 -3.759D+03
  155  186     0     0  con    0  1.0D+00  5.1D-02  1.390D+00 -3.759D+03
  156  187     0     0  con    0  1.0D+00  9.4D-02  1.537D+00 -3.759D+03
  157  188     0     0  con    0  1.0D+00  2.5D-01  5.506D+00 -3.759D+03
  158  189     0     0  con    0  1.0D+00  3.3D-02  2.467D+00 -3.759D+03
  159  190     0     0  con    0  1.0D+00  3.3D-02  1.882D+00 -3.759D+03
  160  191     0     0  con    0  1.0D+00  8.6D-02  3.219D+00 -3.759D+03
  161  192     0     0  con    0  1.0D+00  6.6D-02  1.803D+00 -3.759D+03
  162  193     0     0  con    0  1.0D+00  2.3D-02  9.610D-01 -3.759D+03
  163  194     0     0  con    0  1.0D+00  4.5D-02  1.585D+00 -3.759D+03
  164  195     0     0  con    0  1.0D+00  1.2D-01  2.884D+00 -3.759D+03
  165  196     0     0  con    0  1.0D+00  2.1D-02  1.224D+00 -3.759D+03
  166  197     0     0  con    0  1.0D+00  1.8D-02  6.590D-01 -3.759D+03
  167  198     0     0  con    0  1.0D+00  1.6D-02  8.107D-01 -3.759D+03
  168  199     0     0  con    0  1.0D+00  5.0D-02  9.472D-01 -3.759D+03
  169  200     0     0  con    0  1.0D+00  7.2D-02  9.478D-01 -3.759D+03
  170  201     0     0  con    0  1.0D+00  4.0D-02  8.432D-01 -3.759D+03
  171  202     0     0  con    0  1.0D+00  3.6D-02  6.776D-01 -3.759D+03
  172  203     0     0  con    0  1.0D+00  5.1D-02  1.539D+00 -3.759D+03
  173  204     0     0  con    0  1.0D+00  6.5D-03  6.052D-01 -3.759D+03
  174  205     0     0  con    0  1.0D+00  1.6D-02  3.259D-01 -3.759D+03
  175  206     0     0  con    0  1.0D+00  7.8D-03  2.820D-01 -3.759D+03
  176  207     0     0  con    0  1.0D+00  1.9D-02  7.590D-01 -3.759D+03
  177  208     0     0  con    0  1.0D+00  3.9D-02  1.541D+00 -3.759D+03
  178  209     0     0  con    0  1.0D+00  2.1D-02  7.166D-01 -3.759D+03
  179  210     0     0  con    0  1.0D+00  2.0D-02  4.525D-01 -3.759D+03
  180  211     0     0  con    0  1.0D+00  4.7D-02  6.965D-01 -3.759D+03
  181  212     0     0  con    0  1.0D+00  6.1D-02  8.010D-01 -3.759D+03
  182  214     0     0  con    1  3.5D-01  3.6D-02  1.425D+00 -3.759D+03
  183  215     0     0  con    0  1.0D+00  6.4D-02  5.021D-01 -3.759D+03
  184  216     0     0  con    0  1.0D+00  1.6D-02  4.191D-01 -3.759D+03
  185  217     0     0  con    0  1.0D+00  1.6D-02  6.083D-01 -3.759D+03
  186  218     0     0  con    0  1.0D+00  2.0D-02  9.095D-01 -3.759D+03
  187  219     0     0  con    0  1.0D+00  4.8D-02  1.202D+00 -3.759D+03
  188  221     0     0  con    1  3.5D-01  3.4D-02  1.252D+00 -3.759D+03
  189  222     0     0  con    0  1.0D+00  4.2D-02  7.201D-01 -3.759D+03
  190  223     0     0  con    0  1.0D+00  2.5D-02  4.482D-01 -3.759D+03
  191  224     0     0  con    0  1.0D+00  1.4D-02  3.504D-01 -3.759D+03
  192  225     0     0  con    0  1.0D+00  2.1D-02  4.465D-01 -3.759D+03
  193  226     0     0  con    0  1.0D+00  9.5D-02  1.589D+00 -3.759D+03
  194  227     0     0  con    0  1.0D+00  1.3D-02  5.506D-01 -3.759D+03
  195  228     0     0  con    0  1.0D+00  1.2D-02  4.796D-01 -3.759D+03
  196  229     0     0  con    0  1.0D+00  5.8D-03  4.985D-01 -3.759D+03
  197  230     0     0  con    0  1.0D+00  8.5D-03  6.851D-01 -3.759D+03
  198  231     0     0  con    0  1.0D+00  4.9D-02  8.785D-01 -3.759D+03
  199  232     0     0  con    0  1.0D+00  3.6D-02  1.154D+00 -3.759D+03
  200  233     0     0  con    0  1.0D+00  2.9D-02  5.564D-01 -3.759D+03
  201  234     0     0  con    0  1.0D+00  3.3D-02  3.211D-01 -3.759D+03
  202  235     0     0  con    0  1.0D+00  1.3D-02  5.401D-01 -3.759D+03
  203  236     0     0  con    0  1.0D+00  8.2D-02  4.013D-01 -3.759D+03
  204  237     0     0  con    0  1.0D+00  6.7D-02  8.237D-01 -3.759D+03
  205  238     0     0  con    0  1.0D+00  5.2D-02  6.123D-01 -3.759D+03
  206  239     0     0  con    0  1.0D+00  5.5D-02  9.150D-01 -3.760D+03
  207  240     0     0  con    0  1.0D+00  4.1D-02  1.021D+00 -3.760D+03
  208  241     0     0  con    0  1.0D+00  2.7D-02  8.970D-01 -3.760D+03
  209  242     0     0  con    0  1.0D+00  1.9D-02  1.067D+00 -3.760D+03
  210  243     0     0  con    0  1.0D+00  2.4D-02  6.328D-01 -3.760D+03
  211  244     0     0  con    0  1.0D+00  3.1D-02  4.881D-01 -3.760D+03
  212  245     0     0  con    0  1.0D+00  3.6D-02  7.526D-01 -3.760D+03
  213  246     0     0  con    0  1.0D+00  4.1D-02  7.823D-01 -3.760D+03
  214  248     0     0  con    1  4.7D-01  3.1D-02  8.991D-01 -3.760D+03
  215  249     0     0  con    0  1.0D+00  3.8D-02  4.795D-01 -3.760D+03
  216  250     0     0  con    0  1.0D+00  9.8D-03  4.044D-01 -3.760D+03
  217  251     0     0  con    0  1.0D+00  8.3D-03  4.252D-01 -3.760D+03
  218  252     0     0  con    0  1.0D+00  1.8D-02  5.282D-01 -3.760D+03
  219  253     0     0  con    0  1.0D+00  2.7D-02  6.574D-01 -3.760D+03
  220  254     0     0  con    0  1.0D+00  2.0D-02  8.822D-01 -3.760D+03
  221  255     0     0  con    0  1.0D+00  1.2D-02  6.210D-01 -3.760D+03
  222  256     0     0  con    0  1.0D+00  1.4D-02  4.027D-01 -3.760D+03
  223  257     0     0  con    0  1.0D+00  1.9D-02  3.053D-01 -3.760D+03
  224  258     0     0  con    0  1.0D+00  1.7D-02  2.544D-01 -3.760D+03
  225  259     0     0  con    0  1.0D+00  3.1D-02  3.660D-01 -3.760D+03
  226  260     0     0  con    0  1.0D+00  4.3D-02  5.941D-01 -3.760D+03
  227  261     0     0  con    0  1.0D+00  8.2D-02  9.869D-01 -3.760D+03
  228  262     0     0  con    0  1.0D+00  3.9D-02  7.657D-01 -3.760D+03
  229  263     0     0  con    0  1.0D+00  1.8D-02  2.646D-01 -3.760D+03
  230  264     0     0  con    0  1.0D+00  1.3D-02  2.977D-01 -3.760D+03
  231  265     0     0  con    0  1.0D+00  1.7D-02  3.954D-01 -3.760D+03
  232  266     0     0  con    0  1.0D+00  4.8D-02  9.990D-01 -3.760D+03
  233  267     0     0  con    0  1.0D+00  1.2D-02  3.357D-01 -3.760D+03
  234  268     0     0  con    0  1.0D+00  2.0D-02  3.528D-01 -3.760D+03
  235  269     0     0  con    0  1.0D+00  2.3D-02  4.860D-01 -3.760D+03
  236  270     0     0  con    0  1.0D+00  2.8D-02  8.263D-01 -3.760D+03
  237  271     0     0  con    0  1.0D+00  2.0D-02  3.175D-01 -3.760D+03
  238  272     0     0  con    0  1.0D+00  8.7D-03  2.774D-01 -3.760D+03
  239  273     0     0  con    0  1.0D+00  1.6D-02  6.949D-01 -3.760D+03
  240  274     0     0  con    0  1.0D+00  1.8D-02  5.553D-01 -3.760D+03
  241  275     0     0  con    0  1.0D+00  2.0D-02  5.578D-01 -3.760D+03
  242  276     0     0  con    0  1.0D+00  5.3D-02  6.789D-01 -3.760D+03
  243  277     0     0  con    0  1.0D+00  6.2D-02  1.132D+00 -3.760D+03
  244  278     0     0  con    0  1.0D+00  2.2D-02  5.960D-01 -3.760D+03
  245  279     0     0  con    0  1.0D+00  9.5D-03  3.753D-01 -3.760D+03
  246  280     0     0  con    0  1.0D+00  9.6D-03  3.158D-01 -3.760D+03
  247  281     0     0  con    0  1.0D+00  3.0D-02  7.415D-01 -3.760D+03
  248  282     0     0  con    0  1.0D+00  3.9D-02  5.696D-01 -3.760D+03
  249  283     0     0  con    0  1.0D+00  9.2D-03  3.295D-01 -3.760D+03
  250  284     0     0  con    0  1.0D+00  1.0D-02  2.705D-01 -3.760D+03
  251  285     0     0  con    0  1.0D+00  1.2D-02  3.495D-01 -3.760D+03
  252  286     0     0  con    0  1.0D+00  3.3D-02  4.938D-01 -3.760D+03
  253  287     0     0  con    0  1.0D+00  3.6D-02  4.530D-01 -3.760D+03
  254  288     0     0  con    0  1.0D+00  3.3D-02  6.195D-01 -3.760D+03
  255  289     0     0  con    0  1.0D+00  3.8D-02  7.317D-01 -3.760D+03
  256  290     0     0  con    0  1.0D+00  4.5D-02  1.009D+00 -3.760D+03
  257  291     0     0  con    0  1.0D+00  3.2D-02  4.664D-01 -3.760D+03
  258  292     0     0  con    0  1.0D+00  1.3D-02  4.160D-01 -3.760D+03
  259  293     0     0  con    0  1.0D+00  3.2D-02  3.917D-01 -3.760D+03
  260  294     0     0  con    0  1.0D+00  4.6D-02  9.525D-01 -3.760D+03
  261  295     0     0  con    0  1.0D+00  2.7D-02  5.260D-01 -3.760D+03
  262  296     0     0  con    0  1.0D+00  1.1D-02  3.231D-01 -3.760D+03
  263  297     0     0  con    0  1.0D+00  2.7D-02  5.345D-01 -3.760D+03
  264  298     0     0  con    0  1.0D+00  5.5D-02  8.697D-01 -3.760D+03
  265  299     0     0  con    0  1.0D+00  2.4D-02  5.539D-01 -3.760D+03
  266  300     0     0  con    0  1.0D+00  8.8D-03  3.385D-01 -3.760D+03
  267  301     0     0  con    0  1.0D+00  1.5D-02  5.007D-01 -3.760D+03
  268  302     0     0  con    0  1.0D+00  1.9D-02  1.236D+00 -3.760D+03
  269  303     0     0  con    0  1.0D+00  8.6D-03  3.800D-01 -3.760D+03
  270  304     0     0  con    0  1.0D+00  2.5D-03  3.449D-01 -3.760D+03
  271  305     0     0  con    0  1.0D+00  8.6D-03  3.294D-01 -3.760D+03
  272  306     0     0  con    0  1.0D+00  1.1D-02  5.337D-01 -3.760D+03
  273  307     0     0  con    0  1.0D+00  2.7D-02  6.806D-01 -3.760D+03
  274  308     0     0  con    0  1.0D+00  2.2D-03  3.200D-01 -3.760D+03
  275  309     0     0  con    0  1.0D+00  5.7D-03  3.598D-01 -3.760D+03
  276  310     0     0  con    0  1.0D+00  8.3D-03  4.327D-01 -3.760D+03
  277  311     0     0  con    0  1.0D+00  3.0D-02  7.096D-01 -3.760D+03
  278  312     0     0  con    0  1.0D+00  3.9D-02  7.466D-01 -3.760D+03
  279  313     0     0  con    0  1.0D+00  1.1D-02  5.582D-01 -3.760D+03
  280  314     0     0  con    0  1.0D+00  3.1D-02  6.443D-01 -3.760D+03
  281  315     0     0  con    0  1.0D+00  4.0D-02  7.520D-01 -3.760D+03
  282  316     0     0  con    0  1.0D+00  1.0D-01  1.181D+00 -3.760D+03
  283  318     0     0  con    1  3.9D-01  5.6D-02  7.634D-01 -3.760D+03
  284  319     0     0  con    0  1.0D+00  1.6D-02  4.677D-01 -3.760D+03
  285  320     0     0  con    0  1.0D+00  4.2D-02  7.680D-01 -3.760D+03
  286  321     0     0  con    0  1.0D+00  4.6D-02  7.408D-01 -3.760D+03
  287  322     0     0  con    0  1.0D+00  1.4D-01  2.154D+00 -3.760D+03
  288  323     0     0  con    0  1.0D+00  3.3D-02  8.829D-01 -3.760D+03
  289  324     0     0  con    0  1.0D+00  8.6D-03  4.245D-01 -3.760D+03
  290  325     0     0  con    0  1.0D+00  3.8D-02  4.931D-01 -3.760D+03
  291  326     0     0  con    0  1.0D+00  1.0D-01  1.200D+00 -3.760D+03
  292  327     0     0  con    0  1.0D+00  1.6D-01  1.972D+00 -3.760D+03
  293  328     0     0  con    0  1.0D+00  3.8D-02  8.412D-01 -3.760D+03
  294  329     0     0  con    0  1.0D+00  1.6D-02  7.002D-01 -3.760D+03
  295  330     0     0  con    0  1.0D+00  6.6D-02  9.252D-01 -3.760D+03
  296  331     0     0  con    0  1.0D+00  7.2D-02  1.611D+00 -3.760D+03
  297  332     0     0  con    0  1.0D+00  1.9D-02  3.961D-01 -3.760D+03
  298  333     0     0  con    0  1.0D+00  1.8D-02  5.023D-01 -3.760D+03
  299  334     0     0  con    0  1.0D+00  3.5D-03  4.524D-01 -3.760D+03
  300  335     0     0  con    0  1.0D+00  3.5D-02  6.019D-01 -3.760D+03
  301  337     0     0  con    1  3.2D-01  1.3D-02  1.097D+00 -3.760D+03
  302  338     0     0  con    0  1.0D+00  2.1D-02  4.231D-01 -3.760D+03
  303  339     0     0  con    0  1.0D+00  2.1D-02  4.457D-01 -3.760D+03
  304  340     0     0  con    0  1.0D+00  2.2D-02  8.354D-01 -3.760D+03
  305  341     0     0  con    0  1.0D+00  1.7D-02  6.312D-01 -3.760D+03
  306  342     0     0  con    0  1.0D+00  2.6D-02  5.983D-01 -3.760D+03
  307  343     0     0  con    0  1.0D+00  3.0D-02  8.768D-01 -3.760D+03
  308  344     0     0  con    0  1.0D+00  4.5D-02  1.057D+00 -3.760D+03
  309  345     0     0  con    0  1.0D+00  5.6D-02  1.648D+00 -3.760D+03
  310  346     0     0  con    0  1.0D+00  1.5D-02  7.261D-01 -3.760D+03
  311  347     0     0  con    0  1.0D+00  9.0D-03  7.635D-01 -3.760D+03
  312  348     0     0  con    0  1.0D+00  2.5D-02  1.224D+00 -3.760D+03
  313  349     0     0  con    0  1.0D+00  3.3D-02  1.258D+00 -3.760D+03
  314  350     0     0  con    0  1.0D+00  2.3D-02  6.279D-01 -3.760D+03
  315  351     0     0  con    0  1.0D+00  1.5D-02  6.052D-01 -3.760D+03
  316  352     0     0  con    0  1.0D+00  2.2D-02  7.830D-01 -3.760D+03
  317  353     0     0  con    0  1.0D+00  5.1D-02  1.150D+00 -3.760D+03
  318  354     0     0  con    0  1.0D+00  1.1D-02  6.041D-01 -3.760D+03
  319  355     0     0  con    0  1.0D+00  1.2D-02  5.815D-01 -3.760D+03
  320  356     0     0  con    0  1.0D+00  1.6D-02  6.316D-01 -3.760D+03
  321  357     0     0  con    0  1.0D+00  3.5D-02  1.245D+00 -3.760D+03
  322  358     0     0  con    0  1.0D+00  1.8D-02  7.260D-01 -3.760D+03
  323  359     0     0  con    0  1.0D+00  4.2D-03  4.683D-01 -3.760D+03
  324  360     0     0  con    0  1.0D+00  1.5D-02  9.079D-01 -3.760D+03
  325  361     0     0  con    0  1.0D+00  2.1D-02  1.042D+00 -3.760D+03
  326  362     0     0  con    0  1.0D+00  4.0D-02  1.323D+00 -3.760D+03
  327  363     0     0  con    0  1.0D+00  2.2D-02  9.367D-01 -3.760D+03
  328  364     0     0  con    0  1.0D+00  1.2D-02  6.551D-01 -3.760D+03
  329  365     0     0  con    0  1.0D+00  6.7D-03  7.852D-01 -3.760D+03
  330  366     0     0  con    0  1.0D+00  1.8D-02  7.296D-01 -3.760D+03
  331  367     0     0  con    0  1.0D+00  2.4D-02  4.708D-01 -3.760D+03
  332  368     0     0  con    0  1.0D+00  9.8D-03  5.442D-01 -3.760D+03
  333  369     0     0  con    0  1.0D+00  9.0D-03  5.935D-01 -3.760D+03
  334  370     0     0  con    0  1.0D+00  1.6D-02  7.241D-01 -3.760D+03
  335  371     0     0  con    0  1.0D+00  4.0D-02  1.324D+00 -3.760D+03
  336  372     0     0  con    0  1.0D+00  3.0D-02  9.832D-01 -3.760D+03
  337  373     0     0  con    0  1.0D+00  1.7D-02  7.456D-01 -3.760D+03
  338  374     0     0  con    0  1.0D+00  1.9D-02  1.214D+00 -3.760D+03
  339  375     0     0  con    0  1.0D+00  2.8D-02  1.337D+00 -3.760D+03
  340  376     0     0  con    0  1.0D+00  1.8D-02  6.642D-01 -3.760D+03
  341  377     0     0  con    0  1.0D+00  3.3D-02  5.889D-01 -3.760D+03
  342  378     0     0  con    0  1.0D+00  3.4D-02  9.501D-01 -3.760D+03
  343  379     0     0  con    0  1.0D+00  7.6D-02  1.634D+00 -3.760D+03
  344  380     0     0  con    0  1.0D+00  4.4D-02  1.251D+00 -3.760D+03
  345  381     0     0  con    0  1.0D+00  1.7D-02  7.388D-01 -3.760D+03
  346  382     0     0  con    0  1.0D+00  1.1D-02  5.243D-01 -3.760D+03
  347  383     0     0  con    0  1.0D+00  1.6D-02  8.009D-01 -3.760D+03
  348  384     0     0  con    0  1.0D+00  5.9D-02  1.499D+00 -3.760D+03
  349  385     0     0  con    0  1.0D+00  1.2D-02  1.048D+00 -3.760D+03
  350  386     0     0  con    0  1.0D+00  1.1D-02  7.344D-01 -3.760D+03
  351  387     0     0  con    0  1.0D+00  2.5D-02  1.159D+00 -3.760D+03
  352  388     0     0  con    0  1.0D+00  3.3D-02  2.220D+00 -3.760D+03
  353  389     0     0  con    0  1.0D+00  2.2D-02  1.085D+00 -3.760D+03
  354  390     0     0  con    0  1.0D+00  1.6D-02  1.192D+00 -3.760D+03
  355  391     0     0  con    0  1.0D+00  1.6D-02  1.139D+00 -3.760D+03
  356  392     0     0  con    0  1.0D+00  3.1D-02  9.041D-01 -3.760D+03
  357  394     0     0  con    1  4.7D-01  2.2D-02  1.287D+00 -3.760D+03
  358  395     0     0  con    0  1.0D+00  1.8D-02  8.860D-01 -3.760D+03
  359  396     0     0  con    0  1.0D+00  1.7D-02  4.870D-01 -3.760D+03
  360  397     0     0  con    0  1.0D+00  1.1D-02  7.067D-01 -3.760D+03
  361  398     0     0  con    0  1.0D+00  2.8D-02  1.157D+00 -3.760D+03
  362  399     0     0  con    0  1.0D+00  2.7D-02  9.936D-01 -3.760D+03
  363  400     0     0  con    0  1.0D+00  5.2D-02  1.423D+00 -3.760D+03
  364  401     0     0  con    0  1.0D+00  6.2D-02  3.129D+00 -3.760D+03
  365  402     0     0  con    0  1.0D+00  9.8D-03  1.189D+00 -3.760D+03
  366  403     0     0  con    0  1.0D+00  2.3D-02  1.307D+00 -3.760D+03
  367  404     0     0  con    0  1.0D+00  3.1D-02  1.382D+00 -3.760D+03
  368  405     0     0  con    0  1.0D+00  8.1D-02  1.879D+00 -3.760D+03
  369  407     0     0  con    1  4.9D-01  7.0D-02  2.001D+00 -3.760D+03
  370  408     0     0  con    0  1.0D+00  6.7D-02  1.213D+00 -3.760D+03
  371  409     0     0  con    0  1.0D+00  1.7D-02  1.934D+00 -3.760D+03
  372  410     0     0  con    0  1.0D+00  6.5D-02  2.021D+00 -3.760D+03
  373  411     0     0  con    0  1.0D+00  9.8D-03  1.518D+00 -3.760D+03
  374  412     0     0  con    0  1.0D+00  5.5D-02  2.507D+00 -3.760D+03
  375  413     0     0  con    0  1.0D+00  1.4D-02  1.155D+00 -3.760D+03
  376  414     0     0  con    0  1.0D+00  1.0D-01  2.075D+00 -3.760D+03
  377  415     0     0  con    0  1.0D+00  2.2D-02  1.129D+00 -3.760D+03
  378  416     0     0  con    0  1.0D+00  4.5D-03  8.197D-01 -3.760D+03
  379  417     0     0  con    0  1.0D+00  2.9D-02  9.784D-01 -3.760D+03
  380  418     0     0  con    0  1.0D+00  3.2D-02  1.393D+00 -3.760D+03
  381  419     0     0  con    0  1.0D+00  2.5D-02  8.926D-01 -3.760D+03
  382  420     0     0  con    0  1.0D+00  1.5D-02  9.822D-01 -3.760D+03
  383  421     0     0  con    0  1.0D+00  7.3D-02  1.587D+00 -3.760D+03
  384  422     0     0  con    0  1.0D+00  6.4D-02  3.343D+00 -3.760D+03
  385  423     0     0  con    0  1.0D+00  5.2D-02  2.627D+00 -3.760D+03
  386  424     0     0  con    0  1.0D+00  9.2D-02  1.844D+00 -3.760D+03
  387  425     0     0  con    0  1.0D+00  7.2D-02  3.923D+00 -3.760D+03
  388  426     0     0  con    0  1.0D+00  8.8D-02  1.587D+00 -3.760D+03
  389  427     0     0  con    0  1.0D+00  6.8D-02  3.436D+00 -3.760D+03
  390  428     0     0  con    0  1.0D+00  9.5D-02  3.662D+00 -3.761D+03
  391  429     0     0  con    0  1.0D+00  1.7D-01  7.440D+00 -3.761D+03
  392  431     0     0  con    1  4.0D-01  6.0D-02  3.595D+00 -3.761D+03
  393  432     0     0  con    0  1.0D+00  4.4D-02  4.086D+00 -3.761D+03
  394  433     0     0  con    0  1.0D+00  8.9D-02  4.274D+00 -3.761D+03
  395  434     0     0  con    0  1.0D+00  2.5D-02  3.526D+00 -3.761D+03
  396  435     0     0  con    0  1.0D+00  1.2D-01  3.226D+00 -3.761D+03
  397  436     0     0  con    0  1.0D+00  5.8D-02  4.006D+00 -3.761D+03
  398  437     0     0  con    0  1.0D+00  2.9D-02  3.482D+00 -3.761D+03
  399  438     0     0  con    0  1.0D+00  1.1D-01  4.112D+00 -3.761D+03
  400  440     0     0  con    1  3.9D-01  1.7D-02  2.979D+00 -3.761D+03
  401  441     0     0  con    0  1.0D+00  9.0D-03  3.325D+00 -3.761D+03
  402  442     0     0  con    0  1.0D+00  5.0D-03  1.316D+00 -3.761D+03
  403  443     0     0  con    0  1.0D+00  1.2D-02  8.526D-01 -3.761D+03
  404  444     0     0  con    0  1.0D+00  1.7D-02  1.035D+00 -3.761D+03
  405  445     0     0  con    0  1.0D+00  2.4D-02  4.304D+00 -3.761D+03
  406  446     0     0  con    0  1.0D+00  2.1D-02  1.886D+00 -3.761D+03
  407  447     0     0  con    0  1.0D+00  8.1D-03  1.724D+00 -3.761D+03
  408  448     0     0  con    0  1.0D+00  2.6D-02  2.186D+00 -3.761D+03
  409  449     0     0  con    0  1.0D+00  4.7D-02  2.689D+00 -3.761D+03
  410  451     0     0  con    1  5.0D-01  4.3D-02  4.650D+00 -3.761D+03
  411  452     0     0  con    0  1.0D+00  2.6D-02  2.264D+00 -3.761D+03
  412  453     0     0  con    0  1.0D+00  3.0D-02  1.762D+00 -3.761D+03
  413  454     0     0  con    0  1.0D+00  1.9D-02  2.230D+00 -3.761D+03
  414  455     0     0  con    0  1.0D+00  4.1D-02  2.584D+00 -3.761D+03
  415  456     0     0  con    0  1.0D+00  6.0D-02  2.331D+00 -3.761D+03
  416  457     0     0  con    0  1.0D+00  3.4D-02  3.880D+00 -3.761D+03
  417  458     0     0  con    0  1.0D+00  1.3D-02  2.075D+00 -3.761D+03
  418  459     0     0  con    0  1.0D+00  2.3D-02  1.368D+00 -3.761D+03
  419  460     0     0  con    0  1.0D+00  2.5D-02  3.685D+00 -3.761D+03
  420  461     0     0  con    0  1.0D+00  3.3D-03  2.121D+00 -3.761D+03
  421  462     0     0  con    0  1.0D+00  1.2D-02  1.488D+00 -3.761D+03
  422  463     0     0  con    0  1.0D+00  1.1D-02  1.805D+00 -3.761D+03
  423  464     0     0  con    0  1.0D+00  3.2D-02  4.895D+00 -3.761D+03
  424  465     0     0  con    0  1.0D+00  1.4D-02  1.751D+00 -3.761D+03
  425  466     0     0  con    0  1.0D+00  5.1D-03  1.303D+00 -3.761D+03
  426  467     0     0  con    0  1.0D+00  3.3D-02  3.436D+00 -3.761D+03
  427  468     0     0  con    0  1.0D+00  5.3D-03  1.946D+00 -3.761D+03
  428  469     0     0  con    0  1.0D+00  8.2D-03  9.921D-01 -3.761D+03
  429  470     0     0  con    0  1.0D+00  3.2D-02  1.874D+00 -3.761D+03
  430  471     0     0  con    0  1.0D+00  2.3D-02  1.962D+00 -3.761D+03
  431  472     0     0  con    0  1.0D+00  5.4D-02  2.521D+00 -3.761D+03
  432  473     0     0  con    0  1.0D+00  2.1D-02  4.573D+00 -3.761D+03
  433  474     0     0  con    0  1.0D+00  1.3D-02  2.291D+00 -3.761D+03
  434  475     0     0  con    0  1.0D+00  5.9D-03  8.946D-01 -3.761D+03
  435  476     0     0  con    0  1.0D+00  1.1D-02  1.007D+00 -3.761D+03
  436  477     0     0  con    0  1.0D+00  1.8D-02  1.494D+00 -3.761D+03
  437  478     0     0  con    0  1.0D+00  4.0D-02  3.687D+00 -3.761D+03
  438  479     0     0  con    0  1.0D+00  3.5D-03  8.732D-01 -3.761D+03
  439  480     0     0  con    0  1.0D+00  2.3D-03  1.177D+00 -3.761D+03
  440  481     0     0  con    0  1.0D+00  4.5D-03  1.359D+00 -3.761D+03
  441  482     0     0  con    0  1.0D+00  1.4D-02  2.249D+00 -3.761D+03
  442  483     0     0  con    0  1.0D+00  2.4D-02  2.607D+00 -3.761D+03
  443  484     0     0  con    0  1.0D+00  2.0D-02  1.386D+00 -3.761D+03
  444  485     0     0  con    0  1.0D+00  1.3D-02  1.251D+00 -3.761D+03
  445  486     0     0  con    0  1.0D+00  1.8D-02  1.230D+00 -3.761D+03
  446  487     0     0  con    0  1.0D+00  2.6D-02  2.747D+00 -3.761D+03
  447  488     0     0  con    0  1.0D+00  1.7D-02  2.213D+00 -3.761D+03
  448  489     0     0  con    0  1.0D+00  5.4D-03  1.134D+00 -3.761D+03
  449  490     0     0  con    0  1.0D+00  1.0D-02  1.244D+00 -3.761D+03
  450  491     0     0  con    0  1.0D+00  1.1D-02  2.007D+00 -3.761D+03
  451  492     0     0  con    0  1.0D+00  7.9D-03  1.004D+00 -3.761D+03
  452  493     0     0  con    0  1.0D+00  1.6D-02  8.758D-01 -3.761D+03
  453  494     0     0  con    0  1.0D+00  1.3D-02  1.437D+00 -3.761D+03
  454  495     0     0  con    0  1.0D+00  3.3D-02  1.764D+00 -3.761D+03
  455  496     0     0  con    0  1.0D+00  3.7D-02  2.102D+00 -3.761D+03
  456  497     0     0  con    0  1.0D+00  4.1D-02  2.132D+00 -3.761D+03
  457  498     0     0  con    0  1.0D+00  4.6D-02  3.754D+00 -3.761D+03
  458  499     0     0  con    0  1.0D+00  9.1D-03  2.113D+00 -3.761D+03
  459  500     0     0  con    0  1.0D+00  1.5D-02  3.093D+00 -3.761D+03
  460  501     0     0  con    0  1.0D+00  3.7D-02  2.645D+00 -3.761D+03
  461  502     0     0  con    0  1.0D+00  4.5D-02  5.598D+00 -3.761D+03
  462  503     0     0  con    0  1.0D+00  2.3D-02  2.966D+00 -3.761D+03
  463  504     0     0  con    0  1.0D+00  2.0D-02  2.515D+00 -3.761D+03
  464  505     0     0  con    0  1.0D+00  3.8D-02  5.648D+00 -3.761D+03
  465  506     0     0  con    0  1.0D+00  3.6D-02  4.390D+00 -3.762D+03
  466  507     0     0  con    0  1.0D+00  6.2D-03  2.723D+00 -3.762D+03
  467  508     0     0  con    0  1.0D+00  2.0D-02  1.888D+00 -3.762D+03
  468  509     0     0  con    0  1.0D+00  5.5D-03  1.856D+00 -3.762D+03
  469  510     0     0  con    0  1.0D+00  2.6D-02  1.743D+00 -3.762D+03
  470  511     0     0  con    0  1.0D+00  1.5D-02  2.307D+00 -3.762D+03
  471  512     0     0  con    0  1.0D+00  1.4D-02  1.348D+00 -3.762D+03
  472  513     0     0  con    0  1.0D+00  9.1D-03  1.313D+00 -3.762D+03
  473  514     0     0  con    0  1.0D+00  8.0D-03  3.121D+00 -3.762D+03
  474  515     0     0  con    0  1.0D+00  5.3D-03  1.074D+00 -3.762D+03
  475  516     0     0  con    0  1.0D+00  3.2D-03  1.266D+00 -3.762D+03
  476  517     0     0  con    0  1.0D+00  9.1D-03  1.875D+00 -3.762D+03
  477  518     0     0  con    0  1.0D+00  1.2D-02  2.383D+00 -3.762D+03
  478  519     0     0  con    0  1.0D+00  5.8D-03  1.220D+00 -3.762D+03
  479  520     0     0  con    0  1.0D+00  7.7D-03  1.375D+00 -3.762D+03
  480  521     0     0  con    0  1.0D+00  1.7D-02  1.515D+00 -3.762D+03
  481  522     0     0  con    0  1.0D+00  2.8D-02  3.372D+00 -3.762D+03
  482  523     0     0  con    0  1.0D+00  1.1D-02  1.376D+00 -3.762D+03
  483  524     0     0  con    0  1.0D+00  6.3D-03  1.625D+00 -3.762D+03
  484  525     0     0  con    0  1.0D+00  7.0D-03  1.851D+00 -3.762D+03
  485  526     0     0  con    0  1.0D+00  1.0D-02  2.841D+00 -3.762D+03
  486  527     0     0  con    0  1.0D+00  5.1D-03  1.274D+00 -3.762D+03
  487  528     0     0  con    0  1.0D+00  1.3D-02  2.001D+00 -3.762D+03
  488  529     0     0  con    0  1.0D+00  1.1D-02  2.494D+00 -3.762D+03
  489  530     0     0  con    0  1.0D+00  2.6D-02  4.419D+00 -3.762D+03
  490  531     0     0  con    0  1.0D+00  2.8D-02  3.416D+00 -3.762D+03
  491  532     0     0  con    0  1.0D+00  9.5D-03  1.616D+00 -3.762D+03
  492  533     0     0  con    0  1.0D+00  3.5D-03  1.401D+00 -3.762D+03
  493  534     0     0  con    0  1.0D+00  6.8D-03  1.325D+00 -3.762D+03
  494  535     0     0  con    0  1.0D+00  2.9D-02  4.494D+00 -3.762D+03
  495  536     0     0  con    0  1.0D+00  1.0D-02  2.312D+00 -3.762D+03
  496  537     0     0  con    0  1.0D+00  7.2D-03  1.312D+00 -3.762D+03
  497  538     0     0  con    0  1.0D+00  2.2D-02  1.522D+00 -3.762D+03
  498  539     0     0  con    0  1.0D+00  1.8D-02  4.036D+00 -3.762D+03
  499  540     0     0  con    0  1.0D+00  1.4D-02  1.778D+00 -3.762D+03
  500  541     0     0  con    0  1.0D+00  4.0D-03  1.057D+00 -3.762D+03
  501  542     0     0  con    0  1.0D+00  5.6D-03  1.278D+00 -3.762D+03
  502  543     0     0  con    0  1.0D+00  7.3D-03  1.678D+00 -3.762D+03
  503  544     0     0  con    0  1.0D+00  2.8D-02  7.176D+00 -3.762D+03
  504  545     0     0  con    0  1.0D+00  3.2D-03  1.772D+00 -3.762D+03
  505  546     0     0  con    0  1.0D+00  6.7D-03  1.618D+00 -3.762D+03
  506  547     0     0  con    0  1.0D+00  1.9D-02  3.492D+00 -3.762D+03
  507  548     0     0  con    0  1.0D+00  3.5D-02  5.683D+00 -3.762D+03
  508  550     0     0  con    1  4.1D-01  2.0D-02  5.863D+00 -3.762D+03
  509  552     0     0  con    1  3.2D-01  2.1D-02  9.852D+00 -3.762D+03
  510  554     0     0  con    1  5.0D-01  1.4D-02  1.103D+01 -3.762D+03
  511  555     0     0  con    0  1.0D+00  2.2D-02  6.732D+00 -3.762D+03
  512  557     0     0  con    1  1.9D-01  2.0D-02  5.723D+00 -3.762D+03
  513  558     0     0  con    0  1.0D+00  1.6D-02  4.757D+00 -3.762D+03
  514  559     0     0  con    0  1.0D+00  7.5D-03  4.845D+00 -3.762D+03
  515  560     0     0  con    0  1.0D+00  1.1D-02  3.535D+00 -3.762D+03
  516  561     0     0  con    0  1.0D+00  1.3D-02  4.996D+00 -3.762D+03
  517  562     0     0  con    0  1.0D+00  5.9D-03  2.579D+00 -3.762D+03
  518  563     0     0  con    0  1.0D+00  1.3D-02  2.753D+00 -3.762D+03
  519  564     0     0  con    0  1.0D+00  7.0D-03  3.099D+00 -3.762D+03
  520  565     0     0  con    0  1.0D+00  4.7D-03  1.841D+00 -3.762D+03
  521  566     0     0  con    0  1.0D+00  7.4D-03  2.553D+00 -3.762D+03
  522  567     0     0  con    0  1.0D+00  2.6D-03  1.528D+00 -3.762D+03
  523  568     0     0  con    0  1.0D+00  3.1D-03  1.327D+00 -3.762D+03
  524  569     0     0  con    0  1.0D+00  2.6D-03  9.576D-01 -3.762D+03
  525  570     0     0  con    0  1.0D+00  4.2D-03  1.065D+00 -3.762D+03
  526  571     0     0  con    0  1.0D+00  5.8D-03  1.279D+00 -3.762D+03
  527  572     0     0  con    0  1.0D+00  1.2D-02  3.369D+00 -3.762D+03
  528  573     0     0  con    0  1.0D+00  2.6D-03  9.445D-01 -3.762D+03
  529  574     0     0  con    0  1.0D+00  1.8D-03  7.909D-01 -3.762D+03
  530  575     0     0  con    0  1.0D+00  5.4D-03  1.069D+00 -3.762D+03
  531  576     0     0  con    0  1.0D+00  7.7D-03  2.812D+00 -3.762D+03
  532  577     0     0  con    0  1.0D+00  2.5D-03  8.798D-01 -3.762D+03
  533  578     0     0  con    0  1.0D+00  5.6D-03  9.290D-01 -3.762D+03
  534  579     0     0  con    0  1.0D+00  4.4D-03  1.249D+00 -3.762D+03
  535  580     0     0  con    0  1.0D+00  1.3D-02  1.780D+00 -3.762D+03
  536  581     0     0  con    0  1.0D+00  1.6D-02  3.305D+00 -3.762D+03
  537  582     0     0  con    0  1.0D+00  2.3D-03  1.110D+00 -3.762D+03
  538  583     0     0  con    0  1.0D+00  8.7D-03  2.163D+00 -3.762D+03
  539  584     0     0  con    0  1.0D+00  1.0D-02  2.371D+00 -3.762D+03
  540  585     0     0  con    0  1.0D+00  2.8D-02  3.593D+00 -3.762D+03
  541  587     0     0  con    1  3.9D-01  5.0D-03  2.789D+00 -3.762D+03
  542  588     0     0  con    0  1.0D+00  5.6D-03  2.383D+00 -3.762D+03
  543  589     0     0  con    0  1.0D+00  7.4D-03  1.537D+00 -3.762D+03
  544  590     0     0  con    0  1.0D+00  5.7D-03  1.652D+00 -3.762D+03
  545  591     0     0  con    0  1.0D+00  4.5D-03  2.368D+00 -3.762D+03
  546  593     0     0  con    1  4.4D-01  9.1D-03  2.804D+00 -3.762D+03
  547  594     0     0  con    0  1.0D+00  8.7D-03  4.003D+00 -3.762D+03
  548  595     0     0  con    0  1.0D+00  4.2D-03  1.418D+00 -3.762D+03
  549  596     0     0  con    0  1.0D+00  2.3D-03  1.069D+00 -3.762D+03
  550  597     0     0  con    0  1.0D+00  3.5D-03  1.164D+00 -3.762D+03
  551  598     0     0  con    0  1.0D+00  5.0D-03  1.578D+00 -3.762D+03
  552  599     0     0  con    0  1.0D+00  1.0D-03  7.766D-01 -3.762D+03
  553  600     0     0  con    0  1.0D+00  2.4D-03  8.103D-01 -3.762D+03
  554  601     0     0  con    0  1.0D+00  2.4D-03  9.015D-01 -3.762D+03
  555  602     0     0  con    0  1.0D+00  7.5D-03  2.008D+00 -3.762D+03
  556  603     0     0  con    0  1.0D+00  1.7D-03  4.904D-01 -3.762D+03
  557  604     0     0  con    0  1.0D+00  7.3D-04  5.470D-01 -3.762D+03
  558  605     0     0  con    0  1.0D+00  3.2D-03  5.977D-01 -3.762D+03
  559  606     0     0  con    0  1.0D+00  5.3D-03  1.689D+00 -3.762D+03
  560  607     0     0  con    0  1.0D+00  2.8D-03  7.769D-01 -3.762D+03
  561  608     0     0  con    0  1.0D+00  3.8D-03  9.545D-01 -3.762D+03
  562  609     0     0  con    0  1.0D+00  5.4D-03  1.010D+00 -3.762D+03
  563  610     0     0  con    0  1.0D+00  1.1D-02  2.701D+00 -3.762D+03
  564  611     0     0  con    0  1.0D+00  1.0D-02  9.548D-01 -3.762D+03
  565  612     0     0  con    0  1.0D+00  6.9D-03  8.296D-01 -3.762D+03
  566  613     0     0  con    0  1.0D+00  1.1D-02  1.736D+00 -3.762D+03
  567  614     0     0  con    0  1.0D+00  7.7D-03  1.078D+00 -3.762D+03
  568  615     0     0  con    0  1.0D+00  2.7D-02  1.215D+00 -3.762D+03
  569  616     0     0  con    0  1.0D+00  5.0D-02  2.845D+00 -3.762D+03
  570  617     0     0  con    0  1.0D+00  2.6D-02  2.031D+00 -3.762D+03
  571  618     0     0  con    0  1.0D+00  1.2D-01  4.402D+00 -3.762D+03
  572  620     0     0  con    1  3.1D-01  6.5D-03  3.187D+00 -3.762D+03
  573  621     0     0  con    0  1.0D+00  7.9D-03  3.243D+00 -3.762D+03
  574  622     0     0  con    0  1.0D+00  3.5D-02  2.031D+00 -3.762D+03
  575  623     0     0  con    0  1.0D+00  1.2D-02  1.764D+00 -3.762D+03
  576  624     0     0  con    0  1.0D+00  9.9D-03  2.124D+00 -3.762D+03
  577  625     0     0  con    0  1.0D+00  1.4D-02  2.679D+00 -3.762D+03
  578  626     0     0  con    0  1.0D+00  2.1D-02  3.294D+00 -3.762D+03
  579  627     0     0  con    0  1.0D+00  2.1D-02  2.023D+00 -3.762D+03
  580  628     0     0  con    0  1.0D+00  6.2D-03  2.142D+00 -3.762D+03
  581  629     0     0  con    0  1.0D+00  1.8D-03  7.012D-01 -3.762D+03
  582  630     0     0  con    0  1.0D+00  1.4D-03  6.849D-01 -3.762D+03
  583  631     0     0  con    0  1.0D+00  3.1D-03  6.316D-01 -3.762D+03
  584  632     0     0  con    0  1.0D+00  4.3D-03  1.151D+00 -3.762D+03
  585  633     0     0  con    0  1.0D+00  3.6D-03  6.682D-01 -3.762D+03
  586  634     0     0  con    0  1.0D+00  1.1D-03  5.478D-01 -3.762D+03
  587  635     0     0  con    0  1.0D+00  3.1D-03  5.638D-01 -3.762D+03
  588  636     0     0  con    0  1.0D+00  6.8D-03  1.120D+00 -3.762D+03
  589  637     0     0  con    0  1.0D+00  1.3D-02  1.217D+00 -3.762D+03
  590  638     0     0  con    0  1.0D+00  1.4D-02  1.637D+00 -3.762D+03
  591  639     0     0  con    0  1.0D+00  4.8D-03  9.068D-01 -3.762D+03
  592  640     0     0  con    0  1.0D+00  7.0D-03  7.853D-01 -3.762D+03
  593  641     0     0  con    0  1.0D+00  1.1D-02  8.606D-01 -3.762D+03
  594  642     0     0  con    0  1.0D+00  1.2D-02  6.793D-01 -3.762D+03
  595  643     0     0  con    0  1.0D+00  1.7D-02  8.717D-01 -3.762D+03
  596  644     0     0  con    0  1.0D+00  2.5D-02  1.055D+00 -3.762D+03
  597  645     0     0  con    0  1.0D+00  3.0D-02  1.281D+00 -3.762D+03
  598  646     0     0  con    0  1.0D+00  5.0D-02  1.413D+00 -3.762D+03
  599  647     0     0  con    0  1.0D+00  5.1D-02  1.869D+00 -3.762D+03
  600  648     0     0  con    0  1.0D+00  1.8D-02  1.030D+00 -3.762D+03
  601  649     0     0  con    0  1.0D+00  8.8D-03  6.335D-01 -3.762D+03
  602  650     0     0  con    0  1.0D+00  2.5D-02  1.750D+00 -3.762D+03
  603  651     0     0  con    0  1.0D+00  2.6D-02  3.105D+00 -3.762D+03
  604  652     0     0  con    0  1.0D+00  2.2D-03  8.942D-01 -3.762D+03
  605  653     0     0  con    0  1.0D+00  5.8D-03  7.648D-01 -3.762D+03
  606  654     0     0  con    0  1.0D+00  1.2D-02  1.078D+00 -3.762D+03
  607  655     0     0  con    0  1.0D+00  2.1D-02  1.232D+00 -3.762D+03
  608  657     0     0  con    1  4.7D-01  2.3D-02  1.694D+00 -3.762D+03
  609  658     0     0  con    0  1.0D+00  3.2D-02  1.300D+00 -3.762D+03
  610  659     0     0  con    0  1.0D+00  3.5D-02  8.961D-01 -3.762D+03
  611  660     0     0  con    0  1.0D+00  6.4D-02  1.887D+00 -3.762D+03
  612  661     0     0  con    0  1.0D+00  2.2D-02  1.239D+00 -3.762D+03
  613  662     0     0  con    0  1.0D+00  6.5D-02  2.197D+00 -3.762D+03
  614  663     0     0  con    0  1.0D+00  4.9D-02  2.427D+00 -3.762D+03
  615  664     0     0  con    0  1.0D+00  5.9D-02  3.211D+00 -3.762D+03
  616  666     0     0  con    1  3.9D-01  2.4D-03  3.194D+00 -3.762D+03
  617  667     0     0  con    0  1.0D+00  7.3D-02  4.636D+00 -3.763D+03
  618  668     0     0  con    0  1.0D+00  4.2D-02  6.465D+00 -3.763D+03
  619  669     0     0  con    0  1.0D+00  2.8D-02  5.349D+00 -3.763D+03
  620  670     0     0  con    0  1.0D+00  1.5D-02  3.934D+00 -3.763D+03
  621  672     0     0  con    1  2.0D-01  2.8D-02  3.941D+00 -3.763D+03
  622  673     0     0  con    0  1.0D+00  3.1D-02  7.753D+00 -3.763D+03
  623  674     0     0  con    0  1.0D+00  3.5D-03  1.678D+00 -3.763D+03
  624  675     0     0  con    0  1.0D+00  9.9D-03  1.669D+00 -3.763D+03
  625  676     0     0  con    0  1.0D+00  2.2D-02  2.376D+00 -3.763D+03
  626  677     0     0  con    0  1.0D+00  1.9D-02  3.326D+00 -3.763D+03
  627  678     0     0  con    0  1.0D+00  1.8D-02  1.435D+00 -3.763D+03
  628  679     0     0  con    0  1.0D+00  9.0D-03  1.754D+00 -3.763D+03
  629  680     0     0  con    0  1.0D+00  2.1D-02  2.526D+00 -3.763D+03
  630  681     0     0  con    0  1.0D+00  1.2D-02  3.937D+00 -3.763D+03
  631  682     0     0  con    0  1.0D+00  1.5D-02  2.731D+00 -3.763D+03
  632  683     0     0  con    0  1.0D+00  4.0D-03  2.597D+00 -3.763D+03
  633  684     0     0  con    0  1.0D+00  2.4D-02  4.836D+00 -3.763D+03
  634  685     0     0  con    0  1.0D+00  3.2D-03  2.281D+00 -3.763D+03
  635  686     0     0  con    0  1.0D+00  6.2D-03  2.629D+00 -3.763D+03
  636  687     0     0  con    0  1.0D+00  8.6D-03  2.041D+00 -3.763D+03
  637  688     0     0  con    0  1.0D+00  9.3D-03  1.810D+00 -3.763D+03
  638  689     0     0  con    0  1.0D+00  4.1D-03  1.070D+00 -3.763D+03
  639  690     0     0  con    0  1.0D+00  8.2D-03  1.023D+00 -3.763D+03
  640  691     0     0  con    0  1.0D+00  9.9D-03  1.261D+00 -3.763D+03
  641  692     0     0  con    0  1.0D+00  1.9D-02  1.998D+00 -3.763D+03
  642  693     0     0  con    0  1.0D+00  1.2D-02  1.460D+00 -3.763D+03
  643  694     0     0  con    0  1.0D+00  1.0D-02  1.675D+00 -3.763D+03
  644  695     0     0  con    0  1.0D+00  3.1D-02  3.447D+00 -3.763D+03
  645  696     0     0  con    0  1.0D+00  7.5D-03  2.421D+00 -3.763D+03
  646  697     0     0  con    0  1.0D+00  2.0D-02  2.955D+00 -3.763D+03
  647  698     0     0  con    0  1.0D+00  2.8D-02  3.889D+00 -3.763D+03
  648  700     0     0  con    1  4.0D-01  9.2D-03  3.789D+00 -3.763D+03
  649  702     0     0  con    1  5.0D-01  1.2D-02  1.756D+00 -3.763D+03
  650  703     0     0  con    0  1.0D+00  5.4D-03  1.652D+00 -3.763D+03
  651  704     0     0  con    0  1.0D+00  8.7D-03  1.202D+00 -3.763D+03
  652  705     0     0  con    0  1.0D+00  5.1D-03  2.042D+00 -3.763D+03
  653  706     0     0  con    0  1.0D+00  1.1D-03  7.676D-01 -3.763D+03
  654  707     0     0  con    0  1.0D+00  2.0D-03  5.638D-01 -3.763D+03
  655  708     0     0  con    0  1.0D+00  5.7D-04  5.440D-01 -3.763D+03
  656  709     0     0  con    0  1.0D+00  1.6D-03  7.709D-01 -3.763D+03
  657  710     0     0  con    0  1.0D+00  3.0D-04  4.162D-01 -3.763D+03
  658  711     0     0  con    0  1.0D+00  3.8D-04  2.606D-01 -3.763D+03
  659  712     0     0  con    0  1.0D+00  7.5D-04  4.444D-01 -3.763D+03
  660  713     0     0  con    0  1.0D+00  1.7D-03  7.537D-01 -3.763D+03
  661  714     0     0  con    0  1.0D+00  4.4D-04  1.808D-01 -3.763D+03
  662  715     0     0  con    0  1.0D+00  2.1D-04  1.444D-01 -3.763D+03
  663  716     0     0  con    0  1.0D+00  7.8D-04  2.341D-01 -3.763D+03
  664  717     0     0  con    0  1.0D+00  1.3D-03  3.618D-01 -3.763D+03
  665  718     0     0  con    0  1.0D+00  3.8D-03  6.280D-01 -3.763D+03
  666  719     0     0  con    0  1.0D+00  3.3D-03  3.988D-01 -3.763D+03
  667  720     0     0  con    0  1.0D+00  5.9D-03  6.066D-01 -3.763D+03
  668  721     0     0  con    0  1.0D+00  1.1D-02  7.166D-01 -3.763D+03
  669  722     0     0  con    0  1.0D+00  1.9D-02  1.272D+00 -3.763D+03
  670  723     0     0  con    0  1.0D+00  7.9D-03  6.312D-01 -3.763D+03
  671  724     0     0  con    0  1.0D+00  5.8D-03  4.001D-01 -3.763D+03
  672  725     0     0  con    0  1.0D+00  6.9D-03  4.606D-01 -3.763D+03
  673  726     0     0  con    0  1.0D+00  1.0D-02  1.034D+00 -3.763D+03
  674  727     0     0  con    0  1.0D+00  2.9D-03  3.323D-01 -3.763D+03
  675  728     0     0  con    0  1.0D+00  1.3D-03  2.895D-01 -3.763D+03
  676  729     0     0  con    0  1.0D+00  2.9D-03  2.540D-01 -3.763D+03
  677  730     0     0  con    0  1.0D+00  2.7D-03  4.324D-01 -3.763D+03
  678  731     0     0  con    0  1.0D+00  4.1D-03  1.884D-01 -3.763D+03
  679  732     0     0  con    0  1.0D+00  6.2D-04  1.266D-01 -3.763D+03
  680  733     0     0  con    0  1.0D+00  2.5D-04  9.749D-02 -3.763D+03
  681  734     0     0  con    0  1.0D+00  3.0D-04  3.492D-01 -3.763D+03

CONVERGENCE: REL_REDUCTION_OF_F_<=_FACTR*EPSMCH             

 Total User time 0.000E+00 seconds.

